1925795794
1665981543
1298605095
2206657271
1222381535
1959825060
1150980264
2594352290
1878848054
1684651662
1836541665
1223811463
1411797633
1747153201
1761088455
2027629705
1139441332
1709166560
1901335837
1772329470
1663344151
1935488137
1781184961
1738551932
1831989263
1899257543
2482518907
1450900121
1665656867
2645399450
1882225072
6456265685
1740741180
1683083034
2950610463
3253075465
2013198732
5526311455
5616943648
3192911042
1740885214
2282968835
2329499093
1769781565
5724269036
1765661224
2458412784
1887869457
1103901371
5640134279
1829860085
1264782087
2375239230
1899688641
1672557711
1732470560
1833160507
1900675827
1785312762
1835958592
1801325115
1409954857
2313707273
1956576353
2080122771
2097929102
1639491892
2013183705
1497080312
2000604571
1804313215
2460613527
1690929015
2263737761
1411667793
1693764730
1684661782
1621864264
1910431551
1766792831
1888933435
5450282727
1654927942
1831356415
5832645656
1668912430
1716318493
1665179373
1107305537
2218428117
2193307781
1193848022
2529050547
7539286583
2281636861
1906176327
1831337105
1853169623
2181365514
2517955390
6172643384
1219000100
1883168151
2928496947
6152811122
1405126482
2625620571
1401527033
2251963613
1989126665
1753049213
1906648421
1632499677
1777826661
1400918617
3721553012
1644060742
1886833305
1444524672
3160867724
1824091335
1878492241
1843771475
1583806771
1464735820
5036132829
1436414532
2497256971
2067706132
1823815504
3661040554
7330637474
2367652933
2158534595
1779361513
1912039073
2010419481
2376357094
1802930343
1691686690
1841660307
1276495347
1884682794
1961632163
1406196217
1633997511
1445845420
1796434727
2785306173
1690601745
1153165695
1451913684
1678856205
2804608597
1145707571
1391492682
5429641395
1595292257
3200301527
1678193012
5455518467
1418385561
1832960512
6429738963
1415973687
1589972301
1709323360
1302586012
1791185475
1900332622
1045135154
1686400743
5242225454
5148108166
1405081220
1813921031
1068181784
1499026061
1747099873
1273979202
2690243631
2525225247
1645510200
1572268691
3340274504
1298901554
1238389852
2418114115
1803270551
1293595683
3224376740
1070027961
1300807971
1153449151
6084360207
6016694637
2200116081
1435956531
1829694625
1430080342
1394317400
1686659997
1883540275
2459477027
1772760544
1723141491
1659184562
1650689355
1968297601
1779371961
1576808513
1407198587
1917005077
1267877597
1884734201
1681436730
1314780907
1957321841
2112020523
1763813257
1229569505
1675783285
1716962563
1406412771
1238760820
1310370623
1046354212
1110091354
1960787575
1485751883
1853024957
1717996852
1742626907
1720181214
1730352571
1326272357
1072656700
1739741804
1054402755
1318733567
1669193627
1283971845
1566605721
1677421834
1411467204
1743994747
1656705755
2002272833
1193486764
1144326731
1236392942
1358562192
1603173445
1690929015
1609478063
1738551932
1984045283
2014525163
1267875187
1662219701
1730203531
1749251900
1741957545
1905720657
2258375145
1781116185
1650718102
1556881853
1686345135
1646142115
1681973801
1424095053
1756607075
1289269812
1682541643
1236101530
2084656541
1678386244
1240943365
1181410780
1456019347
1586672132
1260165344
1234611202
1503692581
1498129520
1768735367
1946012620
1498979302
1680447484
1692192474
1408437825
1770103265
